
====================================================================
  TIAPOSE — JOINT O2 & O3 OPTIMIZATION
  MOEA/D  +  U-NSGA-III  |  4 Lojas  |  84 Variáveis
====================================================================

  Horizonte de previsão: 2014-06-08 -> 2014-06-14  (Sun Mon Tue Wed Thu Fri Sat)
  Loja                                   Clientes previstos
  ──────────────────────────────────────────────────────────
  baltimore          97    61    65    71    65    89   125
  lancaster         116    72    77    84    77   106   149
  philadelphia      230   144   154   168   154   211   298
  richmond           64    40    42    46    42    58    82

────────────────────────────────────────────────────────────────────
  [1/2] MOEA/D — penalização para restrição 10 k unidades
────────────────────────────────────────────────────────────────────
==========================================================
n_gen  |  n_eval  | n_nds  |      eps      |   indicator  
==========================================================
     1 |      100 |     22 |             - |             -
     2 |      200 |     95 |  1.3846153846 |         ideal
     3 |      300 |    100 |  0.0183367857 |             f
     4 |      400 |    100 |  0.0968169761 |         ideal
     5 |      500 |     17 |  0.1176470588 |         ideal
     6 |      600 |     14 |  0.000000E+00 |             f
     7 |      700 |     15 |  0.0465701993 |             f
     8 |      800 |     14 |  0.0004350096 |             f
     9 |      900 |     15 |  0.0153153732 |             f
    10 |     1000 |    100 |  0.0098400984 |         ideal
    11 |     1100 |    100 |  0.000000E+00 |             f
    12 |     1200 |     99 |  0.0000496975 |             f
    13 |     1300 |     66 |  0.0009679101 |             f
    14 |     1400 |     87 |  0.0401416765 |         ideal
    15 |     1500 |     87 |  0.0022502989 |             f
    16 |     1600 |     89 |  0.0047389731 |             f
    17 |     1700 |     89 |  0.000000E+00 |             f
    18 |     1800 |     89 |  0.000000E+00 |             f
    19 |     1900 |     89 |  0.0006632795 |             f
    20 |     2000 |     89 |  0.0039749938 |             f
    21 |     2100 |     89 |  0.000000E+00 |             f
    22 |     2200 |     87 |  0.0001357055 |             f
    23 |     2300 |     86 |  0.0003569369 |             f
    24 |     2400 |     86 |  0.0003569369 |             f
    25 |     2500 |     61 |  0.0128205128 |         ideal
    26 |     2600 |     72 |  0.000000E+00 |             f
    27 |     2700 |     72 |  0.000000E+00 |             f
    28 |     2800 |     72 |  0.000000E+00 |             f
    29 |     2900 |     72 |  0.1428571429 |         ideal
    30 |     3000 |     71 |  0.0000422535 |             f
    31 |     3100 |     70 |  0.0000714286 |             f
    32 |     3200 |     70 |  0.0000714286 |             f
    33 |     3300 |     70 |  0.0000714286 |             f
    34 |     3400 |     70 |  0.0000714286 |             f
    35 |     3500 |     70 |  0.0000714286 |             f
    36 |     3600 |     73 |  0.0454545455 |         ideal
    37 |     3700 |     40 |  0.0434782609 |         ideal
    38 |     3800 |     94 |  0.0381543922 |         ideal
    39 |     3900 |     94 |  0.000000E+00 |             f
    40 |     4000 |     95 |  0.0000373605 |             f
    41 |     4100 |     95 |  0.0400000000 |         ideal
    42 |     4200 |     95 |  0.000000E+00 |             f
    43 |     4300 |     95 |  0.000000E+00 |             f
    44 |     4400 |     81 |  0.0000747576 |             f
    45 |     4500 |     81 |  0.0000747576 |             f
    46 |     4600 |     80 |  0.0005514706 |             f
    47 |     4700 |     81 |  0.0017671171 |             f
    48 |     4800 |     81 |  0.0028884807 |             f
    49 |     4900 |     81 |  0.000000E+00 |             f
    50 |     5000 |     81 |  0.0000106797 |             f
    51 |     5100 |     81 |  0.0005073854 |             f
    52 |     5200 |     81 |  0.0005073854 |             f
    53 |     5300 |     86 |  0.0004778863 |             f
    54 |     5400 |     87 |  0.0010738610 |             f
    55 |     5500 |     87 |  0.0010738610 |             f
    56 |     5600 |     87 |  0.0010738610 |             f
    57 |     5700 |     86 |  0.0016495506 |             f
    58 |     5800 |     86 |  0.0016495506 |             f
    59 |     5900 |     84 |  0.0017197203 |             f
    60 |     6000 |     84 |  0.0017197203 |             f
    61 |     6100 |     83 |  0.0018133961 |             f
    62 |     6200 |     83 |  0.0018133961 |             f
    63 |     6300 |     83 |  0.0018238184 |             f
    64 |     6400 |     83 |  0.0018238184 |             f
    65 |     6500 |     83 |  0.0018238184 |             f
    66 |     6600 |     83 |  0.0018238184 |             f
    67 |     6700 |     50 |  0.0043066322 |         ideal
    68 |     6800 |     50 |  0.0009168453 |             f
    69 |     6900 |     50 |  0.0009168453 |             f
    70 |     7000 |     50 |  0.0009857514 |             f
    71 |     7100 |     50 |  0.0009857514 |             f
    72 |     7200 |     87 |  0.0210792580 |         ideal
    73 |     7300 |     54 |  0.0041981528 |         ideal
    74 |     7400 |     55 |  0.0023900011 |             f
    75 |     7500 |     55 |  0.0023900011 |             f
    76 |     7600 |    100 |  0.0356275304 |         ideal
    77 |     7700 |     43 |  0.0203660279 |             f
    78 |     7800 |     47 |  0.0023065111 |             f
    79 |     7900 |     47 |  0.0023065111 |             f
    80 |     8000 |    100 |  0.0313479624 |         ideal
    81 |     8100 |    100 |  0.000000E+00 |             f
    82 |     8200 |    100 |  0.000000E+00 |             f
    83 |     8300 |    100 |  0.000000E+00 |             f
    84 |     8400 |    100 |  0.000000E+00 |             f
    85 |     8500 |    100 |  0.0026980243 |             f
    86 |     8600 |    100 |  0.000000E+00 |             f
    87 |     8700 |    100 |  0.000000E+00 |             f
    88 |     8800 |    100 |  0.000000E+00 |             f
    89 |     8900 |     98 |  0.0000799693 |             f
    90 |     9000 |     98 |  0.0005076933 |             f
    91 |     9100 |     98 |  0.0010546362 |             f
    92 |     9200 |     98 |  0.0010546362 |             f
    93 |     9300 |     98 |  0.0010546362 |             f
    94 |     9400 |     90 |  0.0013573680 |             f
    95 |     9500 |     90 |  0.0013573680 |             f
    96 |     9600 |     90 |  0.0344827586 |         ideal
    97 |     9700 |     92 |  0.0333333333 |         ideal
    98 |     9800 |     95 |  0.0013635772 |             f
    99 |     9900 |     95 |  0.0018601608 |             f
   100 |    10000 |     95 |  0.0018601608 |             f
   101 |    10100 |     93 |  0.0009924711 |             f
   102 |    10200 |     93 |  0.0010881924 |             f
   103 |    10300 |     93 |  0.0010881924 |             f
   104 |    10400 |     93 |  0.0010881924 |             f
   105 |    10500 |     93 |  0.0010881924 |             f
   106 |    10600 |     93 |  0.0010881924 |             f
   107 |    10700 |     93 |  0.0010881924 |             f
   108 |    10800 |     93 |  0.0322580645 |         ideal
   109 |    10900 |     93 |  0.0003716738 |             f
   110 |    11000 |     93 |  0.0003840814 |             f
   111 |    11100 |     92 |  0.0009513224 |             f
   112 |    11200 |     92 |  0.0009513224 |             f
   113 |    11300 |     92 |  0.0009513224 |             f
   114 |    11400 |     92 |  0.0009513224 |             f
   115 |    11500 |     92 |  0.0009513224 |             f
   116 |    11600 |     92 |  0.0010386600 |             f
   117 |    11700 |     92 |  0.0010386600 |             f
   118 |    11800 |     92 |  0.0010704192 |             f
   119 |    11900 |     92 |  0.0010862987 |             f
   120 |    12000 |     92 |  0.0010862987 |             f
   121 |    12100 |     92 |  0.0010862987 |             f
   122 |    12200 |     92 |  0.0010862987 |             f
   123 |    12300 |     91 |  0.0012266687 |             f
   124 |    12400 |     91 |  0.0012301822 |             f
   125 |    12500 |     91 |  0.0012301822 |             f
   126 |    12600 |     39 |  0.0029056275 |             f
   127 |    12700 |     39 |  0.0001119695 |             f
   128 |    12800 |     50 |  0.0005240175 |             f
   129 |    12900 |     51 |  0.0007420727 |             f
   130 |    13000 |     51 |  0.0008276964 |             f
   131 |    13100 |     51 |  0.0016336384 |             f
   132 |    13200 |     50 |  0.0019865441 |             f
   133 |    13300 |     42 |  0.0029090909 |         ideal
   134 |    13400 |     45 |  0.000000E+00 |             f
   135 |    13500 |     44 |  0.0000661157 |             f
   136 |    13600 |     45 |  0.0013537157 |             f
   137 |    13700 |     45 |  0.0013537157 |             f
   138 |    13800 |     44 |  0.0021778704 |             f
   139 |    13900 |     39 |  0.0027181568 |             f
   140 |    14000 |     39 |  0.000000E+00 |             f
   141 |    14100 |     38 |  0.0002296651 |             f
   142 |    14200 |     38 |  0.0606060606 |         ideal
   143 |    14300 |     38 |  0.000000E+00 |             f
   144 |    14400 |     25 |  0.0001937716 |             f
   145 |    14500 |     25 |  0.0001937716 |             f
   146 |    14600 |     29 |  0.0008352225 |             f
   147 |    14700 |     58 |  0.0068728522 |         ideal
   148 |    14800 |     58 |  0.0001895959 |             f
   149 |    14900 |     58 |  0.0001895959 |             f
   150 |    15000 |     58 |  0.0294117647 |         ideal
   151 |    15100 |     58 |  0.000000E+00 |             f
   152 |    15200 |     58 |  0.000000E+00 |             f
   153 |    15300 |     35 |  0.0004574478 |             f
   154 |    15400 |     34 |  0.0004709022 |             f
   155 |    15500 |     34 |  0.0005690068 |             f
   156 |    15600 |     34 |  0.0005690068 |             f
   157 |    15700 |     34 |  0.0005690068 |             f
   158 |    15800 |     34 |  0.0005690068 |             f
   159 |    15900 |     34 |  0.0005690068 |             f
   160 |    16000 |     34 |  0.0285714286 |         ideal
   161 |    16100 |     34 |  0.000000E+00 |             f
   162 |    16200 |     34 |  0.000000E+00 |             f
   163 |    16300 |     34 |  0.000000E+00 |             f
   164 |    16400 |     34 |  0.000000E+00 |             f
   165 |    16500 |     34 |  0.000000E+00 |             f
   166 |    16600 |     33 |  0.0007088428 |             f
   167 |    16700 |     35 |  0.0006683375 |             f
   168 |    16800 |     35 |  0.0006683375 |             f
   169 |    16900 |     35 |  0.0006683375 |             f
   170 |    17000 |     35 |  0.0021720969 |             f
   171 |    17100 |     31 |  0.0026986319 |             f
   172 |    17200 |     39 |  0.000000E+00 |             f
   173 |    17300 |     39 |  0.000000E+00 |             f
   174 |    17400 |     39 |  0.000000E+00 |             f
   175 |    17500 |     39 |  0.0000166284 |             f
   176 |    17600 |     39 |  0.0000166284 |             f
   177 |    17700 |     38 |  0.0001194621 |             f
   178 |    17800 |     38 |  0.0001194621 |             f
   179 |    17900 |     37 |  0.0005959267 |             f
   180 |    18000 |     37 |  0.0005959267 |             f
   181 |    18100 |     37 |  0.0005959267 |             f
   182 |    18200 |     37 |  0.0005959267 |             f
   183 |    18300 |     37 |  0.0005959267 |             f
   184 |    18400 |     37 |  0.0005959267 |             f
   185 |    18500 |     36 |  0.0007205649 |             f
   186 |    18600 |     35 |  0.0008523254 |             f
   187 |    18700 |     35 |  0.0008523254 |             f
   188 |    18800 |     35 |  0.0008523254 |             f
   189 |    18900 |     35 |  0.0008523254 |             f
   190 |    19000 |     35 |  0.0008523254 |             f
   191 |    19100 |     35 |  0.0008523254 |             f
   192 |    19200 |     35 |  0.0008523254 |             f
   193 |    19300 |     35 |  0.0008523254 |             f
   194 |    19400 |     35 |  0.0008523254 |             f
   195 |    19500 |     35 |  0.0008523254 |             f
   196 |    19600 |     35 |  0.0008523254 |             f
   197 |    19700 |     35 |  0.0008523254 |             f
   198 |    19800 |     35 |  0.0008523254 |             f
   199 |    19900 |     34 |  0.0009918364 |             f
   200 |    20000 |     34 |  0.0277777778 |         ideal
   201 |    20100 |     34 |  0.000000E+00 |             f
   202 |    20200 |     34 |  0.000000E+00 |             f
   203 |    20300 |     35 |  0.0010501248 |             f
   204 |    20400 |     35 |  0.0011045120 |             f
   205 |    20500 |     36 |  0.0018846038 |             f
   206 |    20600 |     36 |  0.0018047212 |             f
   207 |    20700 |     36 |  0.0018047212 |             f
   208 |    20800 |     35 |  0.0014755740 |             f
   209 |    20900 |     35 |  0.0014755740 |             f
   210 |    21000 |     35 |  0.0014755740 |             f
   211 |    21100 |     34 |  0.0016309470 |             f
   212 |    21200 |     34 |  0.0016309470 |             f
   213 |    21300 |     35 |  0.0020194464 |             f
   214 |    21400 |     35 |  0.0020194464 |             f
   215 |    21500 |     34 |  0.0018735567 |             f
   216 |    21600 |     32 |  0.0023862447 |             f
   217 |    21700 |     32 |  0.0023862447 |             f
   218 |    21800 |     32 |  0.0023862447 |             f
   219 |    21900 |     32 |  0.0023862447 |             f
   220 |    22000 |     32 |  0.0023862447 |             f
   221 |    22100 |     32 |  0.0027033024 |             f
   222 |    22200 |     31 |  0.0011045881 |             f
   223 |    22300 |     35 |  0.0052514030 |             f
   224 |    22400 |     35 |  0.000000E+00 |             f
   225 |    22500 |     35 |  0.000000E+00 |             f
   226 |    22600 |     35 |  0.000000E+00 |             f
   227 |    22700 |     35 |  0.0001087055 |             f
   228 |    22800 |     36 |  0.0010310541 |             f
   229 |    22900 |     36 |  0.0010310541 |             f
   230 |    23000 |     36 |  0.0011191257 |             f
   231 |    23100 |     36 |  0.0011191257 |             f
   232 |    23200 |     36 |  0.0011191257 |             f
   233 |    23300 |     36 |  0.0011191257 |             f
   234 |    23400 |     36 |  0.0011895830 |             f
   235 |    23500 |     36 |  0.0011895830 |             f
   236 |    23600 |     36 |  0.0012071973 |             f
   237 |    23700 |     37 |  0.0013459529 |             f
   238 |    23800 |     37 |  0.0013459529 |             f
   239 |    23900 |     37 |  0.0013459529 |             f
   240 |    24000 |     37 |  0.0016544415 |             f
   241 |    24100 |     37 |  0.0016544415 |             f
   242 |    24200 |     36 |  0.0016299409 |             f
   243 |    24300 |     36 |  0.0016299409 |             f
   244 |    24400 |     36 |  0.0016299409 |             f
   245 |    24500 |     36 |  0.0016299409 |             f
   246 |    24600 |     36 |  0.0016299409 |             f
   247 |    24700 |     36 |  0.0016299409 |             f
   248 |    24800 |     36 |  0.0016299409 |             f
   249 |    24900 |     36 |  0.0016299409 |             f
   250 |    25000 |     31 |  0.0020564773 |             f
   251 |    25100 |     31 |  0.0021792093 |             f
   252 |    25200 |     55 |  0.0037902716 |         ideal
   253 |    25300 |     61 |  0.000000E+00 |             f
   254 |    25400 |     61 |  0.000000E+00 |             f
   255 |    25500 |     62 |  0.000000E+00 |             f
   256 |    25600 |     61 |  0.0000517797 |             f
   257 |    25700 |     61 |  0.0000517797 |             f
   258 |    25800 |     61 |  0.0000517797 |             f
   259 |    25900 |     61 |  0.0000517797 |             f
   260 |    26000 |     61 |  0.0000517797 |             f
   261 |    26100 |     61 |  0.0000517797 |             f
   262 |    26200 |     61 |  0.0003521017 |             f
   263 |    26300 |     61 |  0.0003521017 |             f
   264 |    26400 |     61 |  0.0005488645 |             f
   265 |    26500 |     61 |  0.0005488645 |             f
   266 |    26600 |     60 |  0.0005790693 |             f
   267 |    26700 |     60 |  0.0005790693 |             f
   268 |    26800 |     60 |  0.0005790693 |             f
   269 |    26900 |     60 |  0.0005790693 |             f
   270 |    27000 |     55 |  0.0006891403 |             f
   271 |    27100 |     55 |  0.0006891403 |             f
   272 |    27200 |     33 |  0.0014147787 |             f
   273 |    27300 |     46 |  0.0089151008 |             f
   274 |    27400 |     46 |  0.000000E+00 |             f
   275 |    27500 |     42 |  0.0000901307 |             f
   276 |    27600 |     42 |  0.0000901307 |             f
   277 |    27700 |     42 |  0.0000901307 |             f
   278 |    27800 |     42 |  0.0000901307 |             f
   279 |    27900 |     42 |  0.0003004356 |             f
   280 |    28000 |     42 |  0.0003004356 |             f
   281 |    28100 |     42 |  0.0003004356 |             f
   282 |    28200 |     42 |  0.0003004356 |             f
   283 |    28300 |     42 |  0.0003004356 |             f
   284 |    28400 |     42 |  0.0003004356 |             f
   285 |    28500 |     42 |  0.0003154574 |             f
   286 |    28600 |     42 |  0.0003154574 |             f
   287 |    28700 |     42 |  0.0003154574 |             f
   288 |    28800 |     79 |  0.0133808933 |             f
   289 |    28900 |     79 |  0.000000E+00 |             f
   290 |    29000 |     78 |  0.0002911915 |             f
   291 |    29100 |     78 |  0.0002911915 |             f
   292 |    29200 |     57 |  0.0025173065 |         ideal
   293 |    29300 |     38 |  0.0004300506 |             f
   294 |    29400 |     38 |  0.0004300506 |             f
   295 |    29500 |     34 |  0.0068750000 |         ideal
   296 |    29600 |     35 |  0.0056568196 |         ideal
   297 |    29700 |     35 |  0.000000E+00 |             f
   298 |    29800 |     35 |  0.000000E+00 |             f
   299 |    29900 |     35 |  0.000000E+00 |             f
   300 |    30000 |     35 |  0.0004489539 |             f

────────────────────────────────────────────────────────────────────
  [2/2] U-NSGA-III — restrição hard via constraint-dominance
────────────────────────────────────────────────────────────────────
==========================================================================================
n_gen  |  n_eval  | n_nds  |     cv_min    |     cv_avg    |      eps      |   indicator  
==========================================================================================
     1 |      100 |     13 |  0.000000E+00 |  0.000000E+00 |             - |             -
     2 |      200 |     17 |  0.000000E+00 |  0.000000E+00 |  0.0203586022 |             f
     3 |      300 |     19 |  0.000000E+00 |  0.000000E+00 |  0.0224397639 |             f
     4 |      400 |     16 |  0.000000E+00 |  0.000000E+00 |  0.0556506849 |         ideal
     5 |      500 |     17 |  0.000000E+00 |  0.000000E+00 |  0.0519480519 |         ideal
     6 |      600 |     17 |  0.000000E+00 |  0.000000E+00 |  0.0135555857 |             f
     7 |      700 |     23 |  0.000000E+00 |  0.000000E+00 |  0.0571428571 |         ideal
     8 |      800 |     23 |  0.000000E+00 |  0.000000E+00 |  0.0052033691 |             f
     9 |      900 |     23 |  0.000000E+00 |  0.000000E+00 |  0.0107941403 |         nadir
    10 |     1000 |     23 |  0.000000E+00 |  0.000000E+00 |  0.0115727196 |             f
    11 |     1100 |     25 |  0.000000E+00 |  0.000000E+00 |  0.0139017615 |             f
    12 |     1200 |     24 |  0.000000E+00 |  0.000000E+00 |  0.0277777778 |         ideal
    13 |     1300 |     30 |  0.000000E+00 |  0.000000E+00 |  0.0126582278 |         ideal
    14 |     1400 |     23 |  0.000000E+00 |  0.000000E+00 |  0.0059523810 |         ideal
    15 |     1500 |     24 |  0.000000E+00 |  0.000000E+00 |  0.0146627566 |         ideal
    16 |     1600 |     24 |  0.000000E+00 |  0.000000E+00 |  0.0074741149 |             f
    17 |     1700 |     24 |  0.000000E+00 |  0.000000E+00 |  0.0097835253 |             f
    18 |     1800 |     28 |  0.000000E+00 |  0.000000E+00 |  0.0127814040 |             f
    19 |     1900 |     27 |  0.000000E+00 |  0.000000E+00 |  0.0081360947 |         nadir
    20 |     2000 |     22 |  0.000000E+00 |  0.000000E+00 |  0.0041342049 |             f
    21 |     2100 |     24 |  0.000000E+00 |  0.000000E+00 |  0.0058823529 |         ideal
    22 |     2200 |     27 |  0.000000E+00 |  0.000000E+00 |  0.0540540541 |         ideal
    23 |     2300 |     26 |  0.000000E+00 |  0.000000E+00 |  0.0086964575 |             f
    24 |     2400 |     28 |  0.000000E+00 |  0.000000E+00 |  0.0512820513 |         ideal
    25 |     2500 |     29 |  0.000000E+00 |  0.000000E+00 |  0.0250000000 |         ideal
    26 |     2600 |     30 |  0.000000E+00 |  0.000000E+00 |  0.0178343949 |         nadir
    27 |     2700 |     23 |  0.000000E+00 |  0.000000E+00 |  0.0025412961 |         ideal
    28 |     2800 |     29 |  0.000000E+00 |  0.000000E+00 |  0.0094398993 |         ideal
    29 |     2900 |     25 |  0.000000E+00 |  0.000000E+00 |  0.0250000000 |         ideal
    30 |     3000 |     21 |  0.000000E+00 |  0.000000E+00 |  0.0171463564 |         nadir
    31 |     3100 |     25 |  0.000000E+00 |  0.000000E+00 |  0.0146303833 |             f
    32 |     3200 |     21 |  0.000000E+00 |  0.000000E+00 |  0.0192771084 |         ideal
    33 |     3300 |     28 |  0.000000E+00 |  0.000000E+00 |  0.0065828845 |         ideal
    34 |     3400 |     27 |  0.000000E+00 |  0.000000E+00 |  0.0077197150 |         ideal
    35 |     3500 |     23 |  0.000000E+00 |  0.000000E+00 |  0.0035502959 |         ideal
    36 |     3600 |     27 |  0.000000E+00 |  0.000000E+00 |  0.0131799108 |             f
    37 |     3700 |     31 |  0.000000E+00 |  0.000000E+00 |  0.0123752726 |             f
    38 |     3800 |     29 |  0.000000E+00 |  0.000000E+00 |  0.0119832235 |         nadir
    39 |     3900 |     25 |  0.000000E+00 |  0.000000E+00 |  0.0049934691 |             f
    40 |     4000 |     29 |  0.000000E+00 |  0.000000E+00 |  0.0071343639 |         ideal
    41 |     4100 |     32 |  0.000000E+00 |  0.000000E+00 |  0.0066128504 |             f
    42 |     4200 |     28 |  0.000000E+00 |  0.000000E+00 |  0.0238095238 |         ideal
    43 |     4300 |     29 |  0.000000E+00 |  0.000000E+00 |  0.0069674964 |             f
    44 |     4400 |     25 |  0.000000E+00 |  0.000000E+00 |  0.0058061929 |             f
    45 |     4500 |     26 |  0.000000E+00 |  0.000000E+00 |  0.0046975925 |         nadir
    46 |     4600 |     24 |  0.000000E+00 |  0.000000E+00 |  0.0102517773 |             f
    47 |     4700 |     25 |  0.000000E+00 |  0.000000E+00 |  0.0232558140 |         ideal
    48 |     4800 |     25 |  0.000000E+00 |  0.000000E+00 |  0.0045372171 |             f
    49 |     4900 |     26 |  0.000000E+00 |  0.000000E+00 |  0.0232558140 |         ideal
    50 |     5000 |     23 |  0.000000E+00 |  0.000000E+00 |  0.0074964416 |             f
    51 |     5100 |     27 |  0.000000E+00 |  0.000000E+00 |  0.0084345832 |             f
    52 |     5200 |     27 |  0.000000E+00 |  0.000000E+00 |  0.0053654359 |             f
    53 |     5300 |     32 |  0.000000E+00 |  0.000000E+00 |  0.0222222222 |         ideal
    54 |     5400 |     34 |  0.000000E+00 |  0.000000E+00 |  0.0060711189 |             f
    55 |     5500 |     31 |  0.000000E+00 |  0.000000E+00 |  0.0041910814 |             f
    56 |     5600 |     32 |  0.000000E+00 |  0.000000E+00 |  0.0053163211 |         ideal
    57 |     5700 |     31 |  0.000000E+00 |  0.000000E+00 |  0.0096618357 |         nadir
    58 |     5800 |     31 |  0.000000E+00 |  0.000000E+00 |  0.0058177718 |             f
    59 |     5900 |     34 |  0.000000E+00 |  0.000000E+00 |  0.0227272727 |         nadir
    60 |     6000 |     30 |  0.000000E+00 |  0.000000E+00 |  0.0051904114 |             f
    61 |     6100 |     27 |  0.000000E+00 |  0.000000E+00 |  0.0063897764 |         ideal
    62 |     6200 |     28 |  0.000000E+00 |  0.000000E+00 |  0.0068153960 |             f
    63 |     6300 |     29 |  0.000000E+00 |  0.000000E+00 |  0.0057732867 |             f
    64 |     6400 |     26 |  0.000000E+00 |  0.000000E+00 |  0.0087644936 |             f
    65 |     6500 |     33 |  0.000000E+00 |  0.000000E+00 |  0.0058231869 |         ideal
    66 |     6600 |     35 |  0.000000E+00 |  0.000000E+00 |  0.0084772172 |             f
    67 |     6700 |     35 |  0.000000E+00 |  0.000000E+00 |  0.0345016429 |         nadir
    68 |     6800 |     32 |  0.000000E+00 |  0.000000E+00 |  0.0217391304 |         ideal
    69 |     6900 |     34 |  0.000000E+00 |  0.000000E+00 |  0.0212765957 |         ideal
    70 |     7000 |     32 |  0.000000E+00 |  0.000000E+00 |  0.0042620738 |             f
    71 |     7100 |     34 |  0.000000E+00 |  0.000000E+00 |  0.0096988259 |         ideal
    72 |     7200 |     30 |  0.000000E+00 |  0.000000E+00 |  0.0070368153 |             f
    73 |     7300 |     28 |  0.000000E+00 |  0.000000E+00 |  0.0058477141 |             f
    74 |     7400 |     32 |  0.000000E+00 |  0.000000E+00 |  0.0097614640 |             f
    75 |     7500 |     32 |  0.000000E+00 |  0.000000E+00 |  0.0055984565 |             f
    76 |     7600 |     31 |  0.000000E+00 |  0.000000E+00 |  0.0087448560 |         nadir
    77 |     7700 |     31 |  0.000000E+00 |  0.000000E+00 |  0.0086255784 |             f
    78 |     7800 |     29 |  0.000000E+00 |  0.000000E+00 |  0.0051611349 |             f
    79 |     7900 |     28 |  0.000000E+00 |  0.000000E+00 |  0.0057292177 |             f
    80 |     8000 |     29 |  0.000000E+00 |  0.000000E+00 |  0.0117647059 |         ideal
    81 |     8100 |     33 |  0.000000E+00 |  0.000000E+00 |  0.0046248715 |         nadir
    82 |     8200 |     24 |  0.000000E+00 |  0.000000E+00 |  0.0040941658 |         ideal
    83 |     8300 |     26 |  0.000000E+00 |  0.000000E+00 |  0.0208333333 |         ideal
    84 |     8400 |     31 |  0.000000E+00 |  0.000000E+00 |  0.0099732770 |             f
    85 |     8500 |     29 |  0.000000E+00 |  0.000000E+00 |  0.0067731548 |             f
    86 |     8600 |     34 |  0.000000E+00 |  0.000000E+00 |  0.0091406775 |             f
    87 |     8700 |     27 |  0.000000E+00 |  0.000000E+00 |  0.0204081633 |         ideal
    88 |     8800 |     32 |  0.000000E+00 |  0.000000E+00 |  0.0053372149 |         ideal
    89 |     8900 |     40 |  0.000000E+00 |  0.000000E+00 |  0.0200000000 |         ideal
    90 |     9000 |     34 |  0.000000E+00 |  0.000000E+00 |  0.0048068183 |             f
    91 |     9100 |     33 |  0.000000E+00 |  0.000000E+00 |  0.0069989184 |             f
    92 |     9200 |     33 |  0.000000E+00 |  0.000000E+00 |  0.0056630486 |         ideal
    93 |     9300 |     37 |  0.000000E+00 |  0.000000E+00 |  0.0077674694 |             f
    94 |     9400 |     35 |  0.000000E+00 |  0.000000E+00 |  0.0057088487 |         nadir
    95 |     9500 |     32 |  0.000000E+00 |  0.000000E+00 |  0.0067798280 |             f
    96 |     9600 |     29 |  0.000000E+00 |  0.000000E+00 |  0.0112279665 |             f
    97 |     9700 |     33 |  0.000000E+00 |  0.000000E+00 |  0.0127931710 |             f
    98 |     9800 |     36 |  0.000000E+00 |  0.000000E+00 |  0.0083356807 |             f
    99 |     9900 |     49 |  0.000000E+00 |  0.000000E+00 |  0.0099424813 |             f
   100 |    10000 |     50 |  0.000000E+00 |  0.000000E+00 |  0.0196078431 |         ideal
   101 |    10100 |     31 |  0.000000E+00 |  0.000000E+00 |  0.0002406196 |             f
   102 |    10200 |     52 |  0.000000E+00 |  0.000000E+00 |  0.0192307692 |         ideal
   103 |    10300 |     52 |  0.000000E+00 |  0.000000E+00 |  0.0008365032 |             f
   104 |    10400 |     52 |  0.000000E+00 |  0.000000E+00 |  0.0020252184 |             f
   105 |    10500 |     39 |  0.000000E+00 |  0.000000E+00 |  0.0030525031 |             f
   106 |    10600 |     42 |  0.000000E+00 |  0.000000E+00 |  0.0188679245 |         ideal
   107 |    10700 |     54 |  0.000000E+00 |  0.000000E+00 |  0.0185185185 |         ideal
   108 |    10800 |     53 |  0.000000E+00 |  0.000000E+00 |  0.0009417440 |             f
   109 |    10900 |     53 |  0.000000E+00 |  0.000000E+00 |  0.0020239236 |             f
   110 |    11000 |     41 |  0.000000E+00 |  0.000000E+00 |  0.0043591979 |         ideal
   111 |    11100 |     54 |  0.000000E+00 |  0.000000E+00 |  0.0099288318 |             f
   112 |    11200 |     55 |  0.000000E+00 |  0.000000E+00 |  0.0181818182 |         ideal
   113 |    11300 |     55 |  0.000000E+00 |  0.000000E+00 |  0.0007911883 |             f
   114 |    11400 |     54 |  0.000000E+00 |  0.000000E+00 |  0.0063586265 |         ideal
   115 |    11500 |     54 |  0.000000E+00 |  0.000000E+00 |  0.0008713673 |             f
   116 |    11600 |     54 |  0.000000E+00 |  0.000000E+00 |  0.0013900669 |             f
   117 |    11700 |     54 |  0.000000E+00 |  0.000000E+00 |  0.0023462021 |             f
   118 |    11800 |     54 |  0.000000E+00 |  0.000000E+00 |  0.0071578947 |         ideal
   119 |    11900 |     54 |  0.000000E+00 |  0.000000E+00 |  0.0007482230 |             f
   120 |    12000 |     55 |  0.000000E+00 |  0.000000E+00 |  0.0017216954 |             f
   121 |    12100 |     55 |  0.000000E+00 |  0.000000E+00 |  0.0021567264 |             f
   122 |    12200 |     55 |  0.000000E+00 |  0.000000E+00 |  0.0026014946 |             f
   123 |    12300 |     54 |  0.000000E+00 |  0.000000E+00 |  0.0013512036 |             f
   124 |    12400 |     54 |  0.000000E+00 |  0.000000E+00 |  0.0033627575 |         ideal
   125 |    12500 |     54 |  0.000000E+00 |  0.000000E+00 |  0.0004514813 |             f
   126 |    12600 |     54 |  0.000000E+00 |  0.000000E+00 |  0.0013518022 |             f
   127 |    12700 |     55 |  0.000000E+00 |  0.000000E+00 |  0.0046025105 |         ideal
   128 |    12800 |     55 |  0.000000E+00 |  0.000000E+00 |  0.0009965766 |             f
   129 |    12900 |     55 |  0.000000E+00 |  0.000000E+00 |  0.0014834538 |             f
   130 |    13000 |     55 |  0.000000E+00 |  0.000000E+00 |  0.0022441993 |             f
   131 |    13100 |     55 |  0.000000E+00 |  0.000000E+00 |  0.0025052192 |         ideal
   132 |    13200 |     55 |  0.000000E+00 |  0.000000E+00 |  0.0007455306 |             f
   133 |    13300 |     54 |  0.000000E+00 |  0.000000E+00 |  0.0013404618 |             f
   134 |    13400 |     54 |  0.000000E+00 |  0.000000E+00 |  0.0021230435 |             f
   135 |    13500 |     54 |  0.000000E+00 |  0.000000E+00 |  0.0026111886 |             f
   136 |    13600 |     54 |  0.000000E+00 |  0.000000E+00 |  0.0010382768 |             f
   137 |    13700 |     54 |  0.000000E+00 |  0.000000E+00 |  0.0016658918 |             f
   138 |    13800 |     54 |  0.000000E+00 |  0.000000E+00 |  0.0024329769 |             f
   139 |    13900 |     54 |  0.000000E+00 |  0.000000E+00 |  0.0030295986 |             f
   140 |    14000 |     54 |  0.000000E+00 |  0.000000E+00 |  0.0004263368 |             f
   141 |    14100 |     54 |  0.000000E+00 |  0.000000E+00 |  0.0008132348 |             f
   142 |    14200 |     54 |  0.000000E+00 |  0.000000E+00 |  0.0011467534 |             f
   143 |    14300 |     54 |  0.000000E+00 |  0.000000E+00 |  0.0054644809 |         nadir
   144 |    14400 |     54 |  0.000000E+00 |  0.000000E+00 |  0.0008873943 |             f
   145 |    14500 |     54 |  0.000000E+00 |  0.000000E+00 |  0.0011671335 |             f
   146 |    14600 |     54 |  0.000000E+00 |  0.000000E+00 |  0.0019583158 |             f
   147 |    14700 |     54 |  0.000000E+00 |  0.000000E+00 |  0.0025178347 |             f
   148 |    14800 |     55 |  0.000000E+00 |  0.000000E+00 |  0.0007419866 |             f
   149 |    14900 |     54 |  0.000000E+00 |  0.000000E+00 |  0.0010706140 |             f
   150 |    15000 |     54 |  0.000000E+00 |  0.000000E+00 |  0.0013188723 |             f
   151 |    15100 |     55 |  0.000000E+00 |  0.000000E+00 |  0.0021627635 |             f
   152 |    15200 |     55 |  0.000000E+00 |  0.000000E+00 |  0.0050526316 |         nadir
   153 |    15300 |     55 |  0.000000E+00 |  0.000000E+00 |  0.0001914682 |             f
   154 |    15400 |     55 |  0.000000E+00 |  0.000000E+00 |  0.0006660287 |             f
   155 |    15500 |     55 |  0.000000E+00 |  0.000000E+00 |  0.0009722488 |             f
   156 |    15600 |     55 |  0.000000E+00 |  0.000000E+00 |  0.0011789474 |             f
   157 |    15700 |     55 |  0.000000E+00 |  0.000000E+00 |  0.0015770335 |             f
   158 |    15800 |     55 |  0.000000E+00 |  0.000000E+00 |  0.0020278543 |             f
   159 |    15900 |     55 |  0.000000E+00 |  0.000000E+00 |  0.0023492501 |             f
   160 |    16000 |     55 |  0.000000E+00 |  0.000000E+00 |  0.0028160392 |             f
   161 |    16100 |     55 |  0.000000E+00 |  0.000000E+00 |  0.0181818182 |         ideal
   162 |    16200 |     55 |  0.000000E+00 |  0.000000E+00 |  0.0001650846 |             f
   163 |    16300 |     55 |  0.000000E+00 |  0.000000E+00 |  0.0008687579 |             f
   164 |    16400 |     55 |  0.000000E+00 |  0.000000E+00 |  0.0012289425 |             f
   165 |    16500 |     55 |  0.000000E+00 |  0.000000E+00 |  0.0014990810 |             f
   166 |    16600 |     55 |  0.000000E+00 |  0.000000E+00 |  0.0053366174 |         ideal
   167 |    16700 |     55 |  0.000000E+00 |  0.000000E+00 |  0.0003731900 |             f
   168 |    16800 |     55 |  0.000000E+00 |  0.000000E+00 |  0.0009702941 |             f
   169 |    16900 |     55 |  0.000000E+00 |  0.000000E+00 |  0.0014554411 |             f
   170 |    17000 |     55 |  0.000000E+00 |  0.000000E+00 |  0.0017017465 |             f
   171 |    17100 |     55 |  0.000000E+00 |  0.000000E+00 |  0.0020226900 |             f
   172 |    17200 |     55 |  0.000000E+00 |  0.000000E+00 |  0.0023809524 |             f
   173 |    17300 |     55 |  0.000000E+00 |  0.000000E+00 |  0.0026869682 |             f
   174 |    17400 |     55 |  0.000000E+00 |  0.000000E+00 |  0.0002686968 |             f
   175 |    17500 |     55 |  0.000000E+00 |  0.000000E+00 |  0.0006717421 |             f
   176 |    17600 |     55 |  0.000000E+00 |  0.000000E+00 |  0.0015972533 |             f
   177 |    17700 |     55 |  0.000000E+00 |  0.000000E+00 |  0.0023884162 |             f
   178 |    17800 |     55 |  0.000000E+00 |  0.000000E+00 |  0.0026988636 |             f
   179 |    17900 |     55 |  0.000000E+00 |  0.000000E+00 |  0.0002616627 |             f
   180 |    18000 |     55 |  0.000000E+00 |  0.000000E+00 |  0.0003887560 |             f
   181 |    18100 |     55 |  0.000000E+00 |  0.000000E+00 |  0.0006279904 |             f
   182 |    18200 |     55 |  0.000000E+00 |  0.000000E+00 |  0.0009793660 |             f
   183 |    18300 |     55 |  0.000000E+00 |  0.000000E+00 |  0.0017672603 |             f
   184 |    18400 |     55 |  0.000000E+00 |  0.000000E+00 |  0.0019018297 |             f
   185 |    18500 |     55 |  0.000000E+00 |  0.000000E+00 |  0.0024550594 |             f
   186 |    18600 |     55 |  0.000000E+00 |  0.000000E+00 |  0.0026996602 |             f
   187 |    18700 |     54 |  0.000000E+00 |  0.000000E+00 |  0.0003129675 |             f
   188 |    18800 |     53 |  0.000000E+00 |  0.000000E+00 |  0.0009014330 |             f
   189 |    18900 |     54 |  0.000000E+00 |  0.000000E+00 |  0.0178571429 |         ideal
   190 |    19000 |     54 |  0.000000E+00 |  0.000000E+00 |  0.0002235636 |             f
   191 |    19100 |     54 |  0.000000E+00 |  0.000000E+00 |  0.0005663611 |             f
   192 |    19200 |     54 |  0.000000E+00 |  0.000000E+00 |  0.0007377599 |             f
   193 |    19300 |     54 |  0.000000E+00 |  0.000000E+00 |  0.0011401744 |             f
   194 |    19400 |     55 |  0.000000E+00 |  0.000000E+00 |  0.0021762608 |             f
   195 |    19500 |     55 |  0.000000E+00 |  0.000000E+00 |  0.0023457625 |             f
   196 |    19600 |     55 |  0.000000E+00 |  0.000000E+00 |  0.0025535360 |             f
   197 |    19700 |     56 |  0.000000E+00 |  0.000000E+00 |  0.0079840319 |         ideal
   198 |    19800 |     56 |  0.000000E+00 |  0.000000E+00 |  0.0004704876 |             f
   199 |    19900 |     56 |  0.000000E+00 |  0.000000E+00 |  0.0006986028 |             f
   200 |    20000 |     56 |  0.000000E+00 |  0.000000E+00 |  0.0010122612 |             f
   201 |    20100 |     56 |  0.000000E+00 |  0.000000E+00 |  0.0012475050 |             f
   202 |    20200 |     56 |  0.000000E+00 |  0.000000E+00 |  0.0015968064 |             f
   203 |    20300 |     56 |  0.000000E+00 |  0.000000E+00 |  0.0019960080 |             f
   204 |    20400 |     56 |  0.000000E+00 |  0.000000E+00 |  0.0022455090 |             f
   205 |    20500 |     56 |  0.000000E+00 |  0.000000E+00 |  0.0027373824 |             f
   206 |    20600 |     56 |  0.000000E+00 |  0.000000E+00 |  0.0031834461 |         ideal
   207 |    20700 |     56 |  0.000000E+00 |  0.000000E+00 |  0.0002344949 |             f
   208 |    20800 |     56 |  0.000000E+00 |  0.000000E+00 |  0.0008655429 |             f
   209 |    20900 |     56 |  0.000000E+00 |  0.000000E+00 |  0.0010717125 |             f
   210 |    21000 |     55 |  0.000000E+00 |  0.000000E+00 |  0.0016693164 |             f
   211 |    21100 |     55 |  0.000000E+00 |  0.000000E+00 |  0.0021173580 |             f
   212 |    21200 |     55 |  0.000000E+00 |  0.000000E+00 |  0.0024714554 |             f
   213 |    21300 |     55 |  0.000000E+00 |  0.000000E+00 |  0.0030712531 |             f
   214 |    21400 |     55 |  0.000000E+00 |  0.000000E+00 |  0.0004263622 |             f
   215 |    21500 |     57 |  0.000000E+00 |  0.000000E+00 |  0.0175438596 |         ideal
   216 |    21600 |     57 |  0.000000E+00 |  0.000000E+00 |  0.0003136485 |             f
   217 |    21700 |     57 |  0.000000E+00 |  0.000000E+00 |  0.0106048704 |         nadir
   218 |    21800 |     57 |  0.000000E+00 |  0.000000E+00 |  0.0012541172 |             f
   219 |    21900 |     57 |  0.000000E+00 |  0.000000E+00 |  0.0014815121 |             f
   220 |    22000 |     57 |  0.000000E+00 |  0.000000E+00 |  0.0018191591 |             f
   221 |    22100 |     57 |  0.000000E+00 |  0.000000E+00 |  0.0020052094 |             f
   222 |    22200 |     57 |  0.000000E+00 |  0.000000E+00 |  0.0172413793 |         ideal
   223 |    22300 |     56 |  0.000000E+00 |  0.000000E+00 |  0.0003498710 |             f
   224 |    22400 |     56 |  0.000000E+00 |  0.000000E+00 |  0.0008095055 |             f
   225 |    22500 |     56 |  0.000000E+00 |  0.000000E+00 |  0.0012622798 |             f
   226 |    22600 |     56 |  0.000000E+00 |  0.000000E+00 |  0.0015023874 |             f
   227 |    22700 |     57 |  0.000000E+00 |  0.000000E+00 |  0.0019027940 |             f
   228 |    22800 |     57 |  0.000000E+00 |  0.000000E+00 |  0.0022265561 |             f
   229 |    22900 |     57 |  0.000000E+00 |  0.000000E+00 |  0.0025601437 |             f
   230 |    23000 |     56 |  0.000000E+00 |  0.000000E+00 |  0.0008091946 |             f
   231 |    23100 |     56 |  0.000000E+00 |  0.000000E+00 |  0.0013303709 |             f
   232 |    23200 |     56 |  0.000000E+00 |  0.000000E+00 |  0.0014606649 |             f
   233 |    23300 |     56 |  0.000000E+00 |  0.000000E+00 |  0.0020504169 |             f
   234 |    23400 |     56 |  0.000000E+00 |  0.000000E+00 |  0.0026655520 |             f
   235 |    23500 |     56 |  0.000000E+00 |  0.000000E+00 |  0.0002535358 |             f
   236 |    23600 |     56 |  0.000000E+00 |  0.000000E+00 |  0.0003697415 |             f
   237 |    23700 |     56 |  0.000000E+00 |  0.000000E+00 |  0.0006299299 |             f
   238 |    23800 |     56 |  0.000000E+00 |  0.000000E+00 |  0.0010818361 |             f
   239 |    23900 |     56 |  0.000000E+00 |  0.000000E+00 |  0.0013557187 |             f
   240 |    24000 |     56 |  0.000000E+00 |  0.000000E+00 |  0.0014789658 |             f
   241 |    24100 |     56 |  0.000000E+00 |  0.000000E+00 |  0.0018281661 |             f
   242 |    24200 |     56 |  0.000000E+00 |  0.000000E+00 |  0.0020267309 |             f
   243 |    24300 |     56 |  0.000000E+00 |  0.000000E+00 |  0.0022946463 |             f
   244 |    24400 |     57 |  0.000000E+00 |  0.000000E+00 |  0.0029526546 |             f
   245 |    24500 |     57 |  0.000000E+00 |  0.000000E+00 |  0.0005316321 |             f
   246 |    24600 |     57 |  0.000000E+00 |  0.000000E+00 |  0.0010901823 |             f
   247 |    24700 |     57 |  0.000000E+00 |  0.000000E+00 |  0.0014131993 |             f
   248 |    24800 |     57 |  0.000000E+00 |  0.000000E+00 |  0.0019044543 |             f
   249 |    24900 |     57 |  0.000000E+00 |  0.000000E+00 |  0.0019582904 |             f
   250 |    25000 |     57 |  0.000000E+00 |  0.000000E+00 |  0.0023284141 |             f
   251 |    25100 |     57 |  0.000000E+00 |  0.000000E+00 |  0.0023620617 |             f
   252 |    25200 |     56 |  0.000000E+00 |  0.000000E+00 |  0.0092915215 |         nadir
   253 |    25300 |     57 |  0.000000E+00 |  0.000000E+00 |  0.0007267621 |             f
   254 |    25400 |     57 |  0.000000E+00 |  0.000000E+00 |  0.0009915495 |             f
   255 |    25500 |     57 |  0.000000E+00 |  0.000000E+00 |  0.0011341273 |             f
   256 |    25600 |     57 |  0.000000E+00 |  0.000000E+00 |  0.0014871771 |             f
   257 |    25700 |     57 |  0.000000E+00 |  0.000000E+00 |  0.0016229655 |             f
   258 |    25800 |     57 |  0.000000E+00 |  0.000000E+00 |  0.0017451750 |             f
   259 |    25900 |     57 |  0.000000E+00 |  0.000000E+00 |  0.0019855139 |             f
   260 |    26000 |     56 |  0.000000E+00 |  0.000000E+00 |  0.0023941451 |             f
   261 |    26100 |     56 |  0.000000E+00 |  0.000000E+00 |  0.0025945542 |             f
   262 |    26200 |     56 |  0.000000E+00 |  0.000000E+00 |  0.0006081380 |             f
   263 |    26300 |     56 |  0.000000E+00 |  0.000000E+00 |  0.0011264374 |             f
   264 |    26400 |     56 |  0.000000E+00 |  0.000000E+00 |  0.0013199359 |             f
   265 |    26500 |     56 |  0.000000E+00 |  0.000000E+00 |  0.0018036820 |             f
   266 |    26600 |     55 |  0.000000E+00 |  0.000000E+00 |  0.0020194202 |             f
   267 |    26700 |     55 |  0.000000E+00 |  0.000000E+00 |  0.0021671827 |             f
   268 |    26800 |     55 |  0.000000E+00 |  0.000000E+00 |  0.0038850039 |         nadir
   269 |    26900 |     56 |  0.000000E+00 |  0.000000E+00 |  0.0008137967 |             f
   270 |    27000 |     56 |  0.000000E+00 |  0.000000E+00 |  0.0008831718 |             f
   271 |    27100 |     56 |  0.000000E+00 |  0.000000E+00 |  0.0011010732 |             f
   272 |    27200 |     56 |  0.000000E+00 |  0.000000E+00 |  0.0013369485 |             f
   273 |    27300 |     56 |  0.000000E+00 |  0.000000E+00 |  0.0017046363 |             f
   274 |    27400 |     56 |  0.000000E+00 |  0.000000E+00 |  0.0020221031 |             f
   275 |    27500 |     56 |  0.000000E+00 |  0.000000E+00 |  0.0023065408 |             f
   276 |    27600 |     56 |  0.000000E+00 |  0.000000E+00 |  0.0026117912 |             f
   277 |    27700 |     56 |  0.000000E+00 |  0.000000E+00 |  0.0001110001 |             f
   278 |    27800 |     56 |  0.000000E+00 |  0.000000E+00 |  0.0003815629 |             f
   279 |    27900 |     56 |  0.000000E+00 |  0.000000E+00 |  0.0007284382 |             f
   280 |    28000 |     56 |  0.000000E+00 |  0.000000E+00 |  0.0008599168 |             f
   281 |    28100 |     56 |  0.000000E+00 |  0.000000E+00 |  0.0009639390 |             f
   282 |    28200 |     56 |  0.000000E+00 |  0.000000E+00 |  0.0011238761 |             f
   283 |    28300 |     56 |  0.000000E+00 |  0.000000E+00 |  0.0012834388 |             f
   284 |    28400 |     56 |  0.000000E+00 |  0.000000E+00 |  0.0014707515 |             f
   285 |    28500 |     56 |  0.000000E+00 |  0.000000E+00 |  0.0016164391 |             f
   286 |    28600 |     56 |  0.000000E+00 |  0.000000E+00 |  0.0019425019 |             f
   287 |    28700 |     56 |  0.000000E+00 |  0.000000E+00 |  0.0021575647 |             f
   288 |    28800 |     56 |  0.000000E+00 |  0.000000E+00 |  0.0022893773 |             f
   289 |    28900 |     56 |  0.000000E+00 |  0.000000E+00 |  0.0023934399 |             f
   290 |    29000 |     56 |  0.000000E+00 |  0.000000E+00 |  0.0026757986 |             f
   291 |    29100 |     56 |  0.000000E+00 |  0.000000E+00 |  0.0004089951 |             f
   292 |    29200 |     56 |  0.000000E+00 |  0.000000E+00 |  0.0005617198 |             f
   293 |    29300 |     56 |  0.000000E+00 |  0.000000E+00 |  0.0006865465 |             f
   294 |    29400 |     56 |  0.000000E+00 |  0.000000E+00 |  0.0007489598 |             f
   295 |    29500 |     56 |  0.000000E+00 |  0.000000E+00 |  0.0008529820 |             f
   296 |    29600 |     56 |  0.000000E+00 |  0.000000E+00 |  0.0010471567 |             f
   297 |    29700 |     56 |  0.000000E+00 |  0.000000E+00 |  0.0011026352 |             f
   298 |    29800 |     56 |  0.000000E+00 |  0.000000E+00 |  0.0011927878 |             f
   299 |    29900 |     56 |  0.000000E+00 |  0.000000E+00 |  0.0012482663 |             f
   300 |    30000 |     56 |  0.000000E+00 |  0.000000E+00 |  0.0013037448 |             f

====================================================================
  RESULTADOS
====================================================================

  MOEA/D — 35 soluções Pareto
    O3  Max Lucro : $      589.00  (Staff: 86)
    O3  Min Staff :   51  (Lucro: $   -1,002.00)
    O2  Solução   : $      589.00  (Staff: 86)

    Plano semanal O2 (MOEA/D):
    Loja            Dia    Desc%  Peritos  Juniores  Total
    ────────────────────────────────────────────────────
    baltimore       Sun     7.6%        1         1      2
    baltimore       Mon     3.0%        2         1      3
    baltimore       Tue    12.2%        1         1      2
    baltimore       Wed     8.6%        0         1      1
    baltimore       Thu     9.9%        2         2      4
    baltimore       Fri     1.7%        0         1      1
    baltimore       Sat     1.1%        1         1      2
    lancaster       Sun     1.3%        2         1      3
    lancaster       Mon     3.8%        3         2      5
    lancaster       Tue     1.6%        2         2      4
    lancaster       Wed     1.7%        2         1      3
    lancaster       Thu     5.6%        2         1      3
    lancaster       Fri    11.8%        3         0      3
    lancaster       Sat     9.0%        2         2      4
    philadelphia    Sun     9.6%        2         1      3
    philadelphia    Mon     0.4%        2         2      4
    philadelphia    Tue     8.0%        2         2      4
    philadelphia    Wed     5.2%        3         1      4
    philadelphia    Thu     3.1%        2         0      2
    philadelphia    Fri    20.3%        2         2      4
    philadelphia    Sat     0.7%        1         1      2
    richmond        Sun     7.1%        1         0      1
    richmond        Mon     9.9%        3         0      3
    richmond        Tue     6.4%        3         1      4
    richmond        Wed     3.6%        3         2      5
    richmond        Thu     4.7%        3         2      5
    richmond        Fri     3.8%        3         2      5
    richmond        Sat     4.8%        0         0      0

  U-NSGA-III — 56 soluções Pareto
    O3  Max Lucro : $      955.00  (Staff: 85)
    O3  Min Staff :   27  (Lucro: $   -1,620.00)
    O2  Solução   : $      955.00  (Staff: 85)

    Plano semanal O2 (U-NSGA-III):
    Loja            Dia    Desc%  Peritos  Juniores  Total
    ────────────────────────────────────────────────────
    baltimore       Sun    11.8%        0         0      0
    baltimore       Mon     0.8%        3         0      3
    baltimore       Tue     0.8%        3         1      4
    baltimore       Wed     0.8%        3         2      5
    baltimore       Thu     1.1%        3         0      3
    baltimore       Fri     0.7%        3         1      4
    baltimore       Sat     0.5%        0         0      0
    lancaster       Sun     1.4%        0         0      0
    lancaster       Mon     1.7%        2         1      3
    lancaster       Tue     2.4%        3         1      4
    lancaster       Wed     1.5%        2         0      2
    lancaster       Thu     2.4%        2         1      3
    lancaster       Fri     1.7%        3         0      3
    lancaster       Sat     4.9%        1         0      1
    philadelphia    Sun     5.8%        0         0      0
    philadelphia    Mon     7.2%        2         2      4
    philadelphia    Tue     0.5%        3         0      3
    philadelphia    Wed    14.5%        4         1      5
    philadelphia    Thu     0.6%        1         2      3
    philadelphia    Fri     2.2%        2         2      4
    philadelphia    Sat     3.2%        0         0      0
    richmond        Sun     0.8%        3         2      5
    richmond        Mon     3.9%        2         1      3
    richmond        Tue     3.6%        3         2      5
    richmond        Wed     3.8%        3         2      5
    richmond        Thu     0.1%        4         2      6
    richmond        Fri     0.4%        3         1      4
    richmond        Sat     3.5%        2         1      3

────────────────────────────────────────────────────────────────────
  Saving results...

  Summary:
 algorithm  n_pareto_solutions  o3_max_profit  o3_max_profit_staff  o3_min_staff  o3_min_staff_profit  o2_profit  o2_staff
    MOEA/D                  35          589.0                   86            51              -1002.0      589.0        86
U-NSGA-III                  56          955.0                   85            27              -1620.0      955.0        85

  Saved → C:\Users\silva\Desktop\Universidade\ASID\dss_usa_stores\results_v2\03_Optimization\joint_o3\joint_o3_summary.csv

  All results → C:\Users\silva\Desktop\Universidade\ASID\dss_usa_stores\results_v2\03_Optimization\joint_o3
====================================================================

